weibo_RBF_TFIDF
0.865051903114
0.804054054054
0.811688311688
0.859205776173
250
39
238
58

weibo_RBF_ORIGINAL
0.851211072664
0.834459459459
0.833898305085
0.851724137931
246
43
247
49

other_RBF_ORIGINAL
0.9
0.890459363958
0.883018867925
0.906474820144
234
26
252
31

other_RBF_TFIDF
0.911538461538
0.911660777385
0.904580152672
0.918149466192
237
23
258
25


weibo_Linear_TFIDF
0.885813148789
0.756756756757
0.780487804878
0.871595330739
256
33
224
72

other_Linear_TFIDF
0.888461538462
0.929328621908
0.9203187251
0.900684931507
231
29
263
20

other_linear_original
0.892307692308
0.876325088339
0.868913857678
0.898550724638
232
28
248
35
weibo_linear_original
0.851211072664
0.814189189189
0.817275747508
0.848591549296
246
43
241
55

weibo_nb
0.795847750865
0.851351351351
0.839416058394
0.810289389068
230
59
252
44

other_nb
0.869230769231
0.872791519435
0.862595419847
0.879003558719
226
34
247
36

weibo_RBF_gen
0.847750865052
0.868243243243
0.862676056338
0.853820598007
245
44
257
39

other_RBF_gen
0.892307692308
0.925795053004
0.916996047431
0.903448275862
232
28
262
21

other_linear_gen
0.896153846154
0.925795053004
0.917322834646
0.906574394464
233
27
262
21

weibo_linear_gen
0.844290657439
0.85472972973
0.850174216028
0.848993288591
244
45
253
43
